0000000000000000000000001010000110010000001011100001011100000010
0000000000000000000000000000000000010100001010001010000000000101
0000000000000000000000000000000000000000000000000000000000001000
0000000000000000000000001010000110010000001011100001011100000010
0000000000000000000000000000000000010100001010001010000000000101
0000000000000000000000000000000000000000000000000000000000001000
0000000000000000000000001010000110010000001011100001011100000010
0000000000000000000000000000000000010100001010001010000000000101
0000000000000000000000000000000000000000000000000000000000001000
0000000000000000000000001010000110010000001011100001011100000010
0000000000000000000000000000000000010100001010001010000000000101
0000000000000000000000000000000000000000000000000000000000001000
0000000000000000000000001010000110010000001011100001011100000010
0000000000000000000000000000000000010100001010001010000000000101
0000000000000000000000000000000000000000000000000000000000001000
