23 23 0
24 23 0
25 23 0
26 23 0
27 23 0
28 23 0
29 23 0
30 23 0
31 23 0
32 23 0
33 23 0
34 23 0
35 23 0
36 22 0
37 22 0
38 22 0
39 22 0
40 22 0
41 22 0
42 22 0
43 22 0
44 22 0
45 22 0
46 22 0
47 22 0
48 22 0
49 22 0
50 22 0
51 22 0
52 22 0
53 22 0
54 22 0
55 22 0
56 22 0
57 22 0
58 22 0
59 22 0
60 22 0
61 22 0
62 21 0
63 21 0
64 21 0
65 21 0
66 21 0
67 21 0
68 21 0
69 21 0
70 21 0
71 21 0
72 21 0
73 21 0
74 21 0
75 21 0
76 21 0
77 21 0
78 21 0
79 21 0
80 21 0
81 21 0
82 21 0
83 21 0
84 21 0
85 21 0
86 21 0
87 21 0
88 20 0
89 20 0
90 20 0
91 20 0
92 20 0
93 20 0
94 20 0
95 20 0
96 20 0
97 20 0
98 20 0
99 20 0
99 20 0
160 15 0
160 15 0
165 20 0
155 20 0
165 20 0
155 20 0
161 15 0
159 15 0
165 21 0
155 21 0
165 19 0
155 19 0
162 15 0
158 15 0
165 22 0
155 22 0
165 18 0
155 18 0
163 16 0
157 16 0
164 23 0
156 23 0
164 17 0
156 17 0
23 23 0
24 23 0
25 23 0
26 23 0
27 23 0
28 23 0
29 23 0
30 23 0
31 23 0
32 23 0
33 23 0
34 23 0
35 23 0
36 22 0
37 22 0
38 22 0
39 22 0
40 22 0
41 22 0
42 22 0
43 22 0
44 22 0
45 22 0
46 22 0
47 22 0
48 22 0
49 22 0
50 22 0
51 22 0
52 22 0
53 22 0
54 22 0
55 22 0
56 22 0
57 22 0
58 22 0
59 22 0
60 22 0
61 22 0
62 21 0
63 21 0
64 21 0
65 21 0
66 21 0
67 21 0
68 21 0
69 21 0
70 21 0
71 21 0
72 21 0
73 21 0
74 21 0
75 21 0
76 21 0
77 21 0
78 21 0
79 21 0
80 21 0
81 21 0
82 21 0
83 21 0
84 21 0
85 21 0
86 21 0
87 21 0
88 20 0
89 20 0
90 20 0
91 20 0
92 20 0
93 20 0
94 20 0
95 20 0
96 20 0
97 20 0
98 20 0
99 20 0
99 20 0
160 15 0
160 15 0
165 20 0
155 20 0
165 20 0
155 20 0
161 15 0
159 15 0
165 21 0
155 21 0
165 19 0
155 19 0
162 15 0
158 15 0
165 22 0
155 22 0
165 18 0
155 18 0
163 16 0
157 16 0
164 23 0
156 23 0
164 17 0
156 17 0
23 23 0
24 23 0
25 23 0
26 23 0
27 23 0
28 23 0
29 23 0
30 23 0
31 23 0
32 23 0
33 23 0
34 23 0
35 23 0
36 22 0
37 22 0
38 22 0
39 22 0
40 22 0
41 22 0
42 22 0
43 22 0
44 22 0
45 22 0
46 22 0
47 22 0
48 22 0
49 22 0
50 22 0
51 22 0
52 22 0
53 22 0
54 22 0
55 22 0
56 22 0
57 22 0
58 22 0
59 22 0
60 22 0
61 22 0
62 21 0
63 21 0
64 21 0
65 21 0
66 21 0
67 21 0
68 21 0
69 21 0
70 21 0
71 21 0
72 21 0
73 21 0
74 21 0
75 21 0
76 21 0
77 21 0
78 21 0
79 21 0
80 21 0
81 21 0
82 21 0
83 21 0
84 21 0
85 21 0
86 21 0
87 21 0
88 20 0
89 20 0
90 20 0
91 20 0
92 20 0
93 20 0
94 20 0
95 20 0
96 20 0
97 20 0
98 20 0
99 20 0
99 20 0
160 15 0
160 15 0
165 20 0
155 20 0
165 20 0
155 20 0
161 15 0
159 15 0
165 21 0
155 21 0
165 19 0
155 19 0
162 15 0
158 15 0
165 22 0
155 22 0
165 18 0
155 18 0
163 16 0
157 16 0
164 23 0
156 23 0
164 17 0
156 17 0
23 23 0
24 23 0
25 23 0
26 23 0
27 23 0
28 23 0
29 23 0
30 23 0
31 23 0
32 23 0
33 23 0
34 23 0
35 23 0
36 22 0
37 22 0
38 22 0
39 22 0
40 22 0
41 22 0
42 22 0
43 22 0
44 22 0
45 22 0
46 22 0
47 22 0
48 22 0
49 22 0
50 22 0
51 22 0
52 22 0
53 22 0
54 22 0
55 22 0
56 22 0
57 22 0
58 22 0
59 22 0
60 22 0
61 22 0
62 21 0
63 21 0
64 21 0
65 21 0
66 21 0
67 21 0
68 21 0
69 21 0
70 21 0
71 21 0
72 21 0
73 21 0
74 21 0
75 21 0
76 21 0
77 21 0
78 21 0
79 21 0
80 21 0
81 21 0
82 21 0
83 21 0
84 21 0
85 21 0
86 21 0
87 21 0
88 20 0
89 20 0
90 20 0
91 20 0
92 20 0
93 20 0
94 20 0
95 20 0
96 20 0
97 20 0
98 20 0
99 20 0
99 20 0
160 15 0
160 15 0
165 20 0
155 20 0
165 20 0
155 20 0
161 15 0
159 15 0
165 21 0
155 21 0
165 19 0
155 19 0
162 15 0
158 15 0
165 22 0
155 22 0
165 18 0
155 18 0
163 16 0
157 16 0
164 23 0
156 23 0
164 17 0
156 17 0
23 23 0
24 23 0
25 23 0
26 23 0
27 23 0
28 23 0
29 23 0
30 23 0
31 23 0
32 23 0
33 23 0
34 23 0
35 23 0
36 22 0
37 22 0
38 22 0
39 22 0
40 22 0
41 22 0
42 22 0
43 22 0
44 22 0
45 22 0
46 22 0
47 22 0
48 22 0
49 22 0
50 22 0
51 22 0
52 22 0
53 22 0
54 22 0
55 22 0
56 22 0
57 22 0
58 22 0
59 22 0
60 22 0
61 22 0
62 21 0
63 21 0
64 21 0
65 21 0
66 21 0
67 21 0
68 21 0
69 21 0
70 21 0
71 21 0
72 21 0
73 21 0
74 21 0
75 21 0
76 21 0
77 21 0
78 21 0
79 21 0
80 21 0
81 21 0
82 21 0
83 21 0
84 21 0
85 21 0
86 21 0
87 21 0
88 20 0
89 20 0
90 20 0
91 20 0
92 20 0
93 20 0
94 20 0
95 20 0
96 20 0
97 20 0
98 20 0
99 20 0
99 20 0
